SWAN   1                                Swan standard spectral file, version
$   Data produced by SWAN version 41.51               
$   Project: ideal           ;  run number: 01  
LOCATIONS                               locations in x-y-space
     1                                  number of locations
    38000.0000     5000.0000
AFREQ                                   absolute frequencies in Hz
    32                                  number of frequencies
    0.0400
    0.0444
    0.0492
    0.0546
    0.0606
    0.0672
    0.0746
    0.0827
    0.0918
    0.1018
    0.1130
    0.1253
    0.1391
    0.1543
    0.1712
    0.1899
    0.2107
    0.2337
    0.2593
    0.2876
    0.3191
    0.3540
    0.3928
    0.4358
    0.4834
    0.5363
    0.5950
    0.6601
    0.7323
    0.8125
    0.9014
    1.0000
NDIR                                    spectral nautical directions in degr
    36                                  number of directions
  265.0000
  255.0000
  245.0000
  235.0000
  225.0000
  215.0000
  205.0000
  195.0000
  185.0000
  175.0000
  165.0000
  155.0000
  145.0000
  135.0000
  125.0000
  115.0000
  105.0000
   95.0000
   85.0000
   75.0000
   65.0000
   55.0000
   45.0000
   35.0000
   25.0000
   15.0000
    5.0000
   -5.0000
  -15.0000
  -25.0000
  -35.0000
  -45.0000
  -55.0000
  -65.0000
  -75.0000
  -85.0000
QUANT
     1                                  number of quantities in table
VaDens                                  variance densities in m2/Hz/degr
m2/Hz/degr                              unit
   -0.9900E+02                          exception value
FACTOR
    0.61325381E-05
    0    0    0    0    0    0    0    0    0    0    0    0    0    0    0    0    0    0    0    0    0    0    0    0    0    0    0    0    0    0    0    0    0    0    0    0
    0    0    0    0    0    0    0    0    0    0    0    0    0    0    0    0    0    0    0    0    0    0    0    0    0    0    0    0    0    0    0    0    0    0    0    0
    0    0    0    0    0    0    0    0    0    0    0    0    0    0    0    0    0    0    0    0    0    0    0    0    0    0    0    0    0    0    0    0    0    0    0    0
    0    0    0    0    0    0    0    0    0    0    0    0    0    0    0    0    0    0    0    0    0    0    0    0    0    0    0    0    0    0    0    0    0    0    0    0
    0    0    0    0    0    0    0    0    0    0    0    0    0    0    0    0    0    0    0    0    0    0    0    0    0    0    0    0    0    0    0    0    0    0    0    0
    0    0    0    0    0    0    0    0    0    0    0    0    0    0    0    0    0    0    0    0    0    0    0    0    0    0    0    0    0    0    0    0    0    0    0    0
    0    0    0    0    0    0    0    0    0    0    0    0    0    0    0    0    0    0    0    0    0    0    0    0    0    0    0    0    0    0    0    0    0    0    0    0
    0    0    0    0    0    0    0    0    0    0    0    0    0    0    0    0    0    0    0    0    0    0    0    0    0    0    0    0    0    0    0    0    0    0    0    0
    0    0    0    0    0    0    0    0    0    0    0    0    0    0    0    0    0    0    0    0    0    0    0    0    0    0    0    0    0    0    0    0    0    0    0    0
    0    0    0    0    0    0    0    0    0    0    0    0    0    0    0    0    0    0    0    0    0    0    0    0    0    0    0    0    0    0    0    0    0    0    0    0
    0    3    2    2    3    1    0    0    0    0    0    0    0    0    0    0    0    0    0    0    0    0    0    0    0    0    0    0    0    0    2    4    2    1    3    0
    5   55   39   46   28    5    0    0    0    0    0    0    0    0    0    0    0    0    0    0    0    0    0    0    0    0    0    0    0    0    6   30   49   39   55    6
   88  781  756  521  179   19    1    0    0    0    0    0    0    0    0    0    0    0    0    0    0    0    0    0    0    0    0    0    0    1   20  177  504  759  845   99
 1277 3322 1723  629  150   21    2    0    0    0    0    0    0    0    0    0    0    0    0    0    0    0    0    0    0    0    0    0    0    2   21  150  606 1652 3276 1345
 6042 5671 2228  630   98   17    3    0    0    0    0    0    0    0    0    0    0    0    0    0    0    0    0    0    0    0    0    0    0    3   18  101  632 2226 5547 6313
 9421 6446 2417  573   76   14    4    1    0    0    0    0    0    0    0    0    0    0    0    0    0    0    0    0    0    0    0    0    1    3   14   79  607 2635 6922 9901
 4308 3026 1903  512   87   21    8    2    0    0    0    0    0    0    0    0    0    0    0    0    0    0    0    0    0    0    0    0    1    5   18   84  530 2067 2951 4253
 2714 1782 1094  540  164   40   12    4    1    0    0    0    0    0    0    0    0    0    0    0    0    0    0    0    0    0    0    1    5   12   37  146  477 1050 1512 2522
 1439  951  639  386  246   72   20    6    2    1    0    0    0    0    0    0    0    0    0    0    0    0    0    0    0    0    1    3    8   20   70  228  514  732  998 1395
  790  727  556  376  224  107   34   11    4    1    0    0    0    0    0    0    0    0    0    0    0    0    0    0    0    0    1    3   10   34  115  268  411  602  743  783
  415  415  365  322  267  121   47   14    5    1    0    0    0    0    0    0    0    0    0    0    0    0    0    0    0    0    1    4   13   50  114  208  315  354  477  447
  238  251  260  216  208  150   71   20    5    1    0    0    0    0    0    0    0    0    0    0    0    0    0    0    0    0    1    5   17   53  110  182  226  248  251  245
  125  151  172  163  131   96   67   22    5    1    0    0    0    0    0    0    0    0    0    0    0    0    0    0    0    0    1    5   21   65  109  142  166  151  140  121
   72   75   96  108   95   67   39   15    4    1    0    0    0    0    0    0    0    0    0    0    0    0    0    0    0    0    1    4   19   47   82  101  104   93   72   70
   38   34   47   58   56   51   34   12    3    1    0    0    0    0    0    0    0    0    0    0    0    0    0    0    0    0    0    3   12   31   43   57   62   52   44   42
   22   24   24   34   34   29   22   12    4    0    0    0    0    0    0    0    0    0    0    0    0    0    0    0    0    0    0    2    8   22   27   35   32   25   21   25
   13   16   16   18   21   21   13    7    3    0    0    0    0    0    0    0    0    0    0    0    0    0    0    0    0    0    0    4    9   14   20   18   15   14   14   13
    8    8    9    8   10   11    9    4    1    0    0    0    0    0    0    0    0    0    0    0    0    0    0    0    0    0    0    2    6    9   11   10    8    8    7    7
    4    4    4    3    4    4    4    3    1    0    0    0    0    0    0    0    0    0    0    0    0    0    0    0    0    0    0    1    2    4    5    4    4    5    5    5
    2    2    1    1    1    1    2    1    1    0    0    0    0    0    0    0    0    0    0    0    0    0    0    0    0    0    0    1    1    2    1    1    1    2    2    2
    1    1    1    1    0    0    1    1    0    0    0    0    0    0    0    0    0    0    0    0    0    0    0    0    0    0    0    0    0    0    0    0    0    1    1    1
    0    0    0    0    0    0    0    0    0    0    0    0    0    0    0    0    0    0    0    0    0    0    0    0    0    0    0    0    0    0    0    0    0    0    0    0
